500
3507
6765
6426
9345
4481
7303
1896
3162
2853
3996
6559
8428
1764
4452
6750
7668
6086
7105
1606
6677
6240
890
6297
7040
898
6970
4312
4195
4114
163
4054
6431
9657
694
3680
7023
7020
8535
1553
2726
638
3900
1328
1304
5700
4135
5677
860
2281
8581
9789
6848
2066
7813
8386
8478
4933
813
9822
558
4918
25
8393
4907
6514
8950
5217
1578
3584
6495
1858
5080
5844
149
6151
2916
7366
1588
6095
7325
5426
5059
483
8621
145
8332
9078
3782
648
1469
846
9756
5248
4446
4115
4691
7542
8261
6902
2538
8243
7158
5844
7625
5087
7246
4010
2503
1698
3586
331
1039
7323
3172
9216
3603
4468
982
960
1697
8309
1426
3648
9493
7416
4681
9484
6416
4573
5162
1158
1896
1519
1621
2878
6608
6119
129
1684
1769
1152
2027
2586
6520
4298
1056
2541
5866
4851
2188
1253
5974
7618
9140
9979
7170
2950
8801
171
1257
9503
9390
8666
267
8683
3333
8042
1589
6756
6308
4203
5506
1864
6693
4
1602
1049
5582
8034
3643
3717
727
1824
3677
7273
7338
5384
1578
5362
0
9257
3702
4292
4953
8362
3499
3151
6395
2749
4368
414
960
2087
2043
6418
9721
6064
196
5103
5128
8758
4861
6548
2188
7479
2415
2641
4718
3662
6742
1844
2124
1693
1551
9269
1827
2973
1601
5859
4498
4130
1130
3341
9069
5186
5563
9382
8367
2726
1223
4051
4036
4338
1608
4199
1126
6594
8643
849
1478
7942
5308
1572
5837
9840
381
7592
1492
9019
1507
4191
6449
8414
298
4618
8818
1601
2715
4540
5007
5520
6914
6623
8155
5421
2900
2278
8907
3258
1057
163
2091
8536
2391
171
5229
6234
4615
2486
6931
8509
7084
9211
6175
6476
1912
3387
7129
7695
7073
9356
7137
2915
1117
6074
7605
912
218
8377
9253
6199
7201
1678
8693
619
28
9711
1203
2514
3685
5544
7097
7243
1889
3967
5493
4898
1021
2698
7960
3617
6375
511
4604
794
4385
4028
2938
739
9201
1000
3770
8784
5164
6554
5995
9319
4421
4249
2550
7728
3104
5652
2446
2044
876
723
5803
3832
3216
4589
8472
546
5285
2203
5145
4139
4421
4941
1745
8621
6882
3404
1955
6254
6345
8783
9143
9094
1465
4290
5951
3869
1695
68
4938
7993
4228
8191
6393
9143
5705
5006
7329
7912
3697
4010
1616
8110
3937
6101
7587
3766
8291
2523
2887
4024
5457
725
319
9885
6752
2320
7670
2033
8826
1646
2501
6729
753
7068
1671
5799
7937
2723
4699
8939
7365
258
6457
5276
3421
7628
8297
1943
9854
4510
768
7687
2219
4804
7676
2663
7267
7277
1859
7956
4410
7772
4567
5381
4492
1728
5628
1711
8207
1046
3949
7876
7273
7261
9996
77
7746
5242
4904
7176
2155
7502
7684
9171
7967
6277
5334
2185
9689
1775
2253
7548
4438
6965
9303
2101
876
5764
5681
1128
2587
2718
8256
4459
8563
2242
7680
7128
1255
7496
2715
4512
5473
